P0: 1935.41832 0.0 973.71239 0.0 0.0 1935.41832 465.96646 0.0 0.0 0.0 1.0 0.0
Infer0: 1958.35255 0.0 908.00876 0.0 1950.30623 461.44496 0.0 0.0 1.0
R0_rect: 0.99984975 0.00221554 -0.01719232 -0.00229855 0.99998579 -0.00480981 0.01718142 0.00484861 0.99984063
Tr_velo_to_cam: 3.401298793572160584e-02 -9.994212738878813784e-01 4.836858578952663024e-04 4.403354823706213117e-01 1.554829575211935655e-02 4.524279056339342020e-05 -9.998791169197878137e-01 -6.032342536852085269e-02 9.993004388825661444e-01 3.401639683174223494e-02 1.554083638985831461e-02 -5.368699131545265901e-01